../Resources/meshes/rock_02.obj 0. -50. -150. 500. 500. 500. 0. 0. 0. 1
../Resources/meshes/camel.obj 0. -42. -100. 50. 50. 50. 0. -53. 0. 2
! 57. -42. -52. 50. 50. 50. 0. -127. 0. 2
! 128. -42. -103. 50. 50. 50. 0. -64. 0. 2
../Resources/meshes/tree.obj -108. 33. -67. 200. 200. 200. 0. -180. 0. 3
../Resources/meshes/jakisWiewior.obj -77. -22. -138. 20. 20. 20. 0. 33. 0. 4
! -12. -23. -138. 20. 20. 20. 0. -35. 0. 4
! 67. -52. -92. 20. 20. 20. 0. -66. 0. 4
! -58. -52. -57. 20. 20. 20. 0. 124. 0. 4
../Resources/meshes/dragon_50k.obj 140. -43. -198. 50. 50. 50. 0. 35. 0. 5
! 80. -43. -198. 50. 50. 50. 0. 75. 0. 5