../Resources/meshes/jakisWiewior.obj 600 -50. 600 50. 50. 50. 2
! 600 -50. 540 50. 50. 50. 2
! 600 -50. 480 50. 50. 50. 2
! 600 -50. 420 50. 50. 50. 2
! 600 -50. 360 50. 50. 50. 2
! 600 -50. 300 50. 50. 50. 2
! 600 -50. 240 50. 50. 50. 2
! 600 -50. 180 50. 50. 50. 2
! 600 -50. 120 50. 50. 50. 2
! 600 -50. 60 50. 50. 50. 2
! 600 -50. 0 50. 50. 50. 2
! 600 -50. -60 50. 50. 50. 2
! 600 -50. -120 50. 50. 50. 2
! 600 -50. -180 50. 50. 50. 2
! 600 -50. -240 50. 50. 50. 2
! 600 -50. -300 50. 50. 50. 2
! 600 -50. -360 50. 50. 50. 2
! 600 -50. -420 50. 50. 50. 2
! 600 -50. -480 50. 50. 50. 2
! 600 -50. -540 50. 50. 50. 2
! 600 -50. -600 50. 50. 50. 2
! 540 -50. 600 50. 50. 50. 2
! 540 -50. 540 50. 50. 50. 2
! 540 -50. 480 50. 50. 50. 2
! 540 -50. 420 50. 50. 50. 2
! 540 -50. 360 50. 50. 50. 2
! 540 -50. 300 50. 50. 50. 2
! 540 -50. 240 50. 50. 50. 2
! 540 -50. 180 50. 50. 50. 2
! 540 -50. 120 50. 50. 50. 2
! 540 -50. 60 50. 50. 50. 2
! 540 -50. 0 50. 50. 50. 2
! 540 -50. -60 50. 50. 50. 2
! 540 -50. -120 50. 50. 50. 2
! 540 -50. -180 50. 50. 50. 2
! 540 -50. -240 50. 50. 50. 2
! 540 -50. -300 50. 50. 50. 2
! 540 -50. -360 50. 50. 50. 2
! 540 -50. -420 50. 50. 50. 2
! 540 -50. -480 50. 50. 50. 2
! 540 -50. -540 50. 50. 50. 2
! 540 -50. -600 50. 50. 50. 2
! 480 -50. 600 50. 50. 50. 2
! 480 -50. 540 50. 50. 50. 2
! 480 -50. 480 50. 50. 50. 2
! 480 -50. 420 50. 50. 50. 2
! 480 -50. 360 50. 50. 50. 2
! 480 -50. 300 50. 50. 50. 2
! 480 -50. 240 50. 50. 50. 2
! 480 -50. 180 50. 50. 50. 2
! 480 -50. 120 50. 50. 50. 2
! 480 -50. 60 50. 50. 50. 2
! 480 -50. 0 50. 50. 50. 2
! 480 -50. -60 50. 50. 50. 2
! 480 -50. -120 50. 50. 50. 2
! 480 -50. -180 50. 50. 50. 2
! 480 -50. -240 50. 50. 50. 2
! 480 -50. -300 50. 50. 50. 2
! 480 -50. -360 50. 50. 50. 2
! 480 -50. -420 50. 50. 50. 2
! 480 -50. -480 50. 50. 50. 2
! 480 -50. -540 50. 50. 50. 2
! 480 -50. -600 50. 50. 50. 2
! 420 -50. 600 50. 50. 50. 2
! 420 -50. 540 50. 50. 50. 2
! 420 -50. 480 50. 50. 50. 2
! 420 -50. 420 50. 50. 50. 2
! 420 -50. 360 50. 50. 50. 2
! 420 -50. 300 50. 50. 50. 2
! 420 -50. 240 50. 50. 50. 2
! 420 -50. 180 50. 50. 50. 2
! 420 -50. 120 50. 50. 50. 2
! 420 -50. 60 50. 50. 50. 2
! 420 -50. 0 50. 50. 50. 2
! 420 -50. -60 50. 50. 50. 2
! 420 -50. -120 50. 50. 50. 2
! 420 -50. -180 50. 50. 50. 2
! 420 -50. -240 50. 50. 50. 2
! 420 -50. -300 50. 50. 50. 2
! 420 -50. -360 50. 50. 50. 2
! 420 -50. -420 50. 50. 50. 2
! 420 -50. -480 50. 50. 50. 2
! 420 -50. -540 50. 50. 50. 2
! 420 -50. -600 50. 50. 50. 2
! 360 -50. 600 50. 50. 50. 2
! 360 -50. 540 50. 50. 50. 2
! 360 -50. 480 50. 50. 50. 2
! 360 -50. 420 50. 50. 50. 2
! 360 -50. 360 50. 50. 50. 2
! 360 -50. 300 50. 50. 50. 2
! 360 -50. 240 50. 50. 50. 2
! 360 -50. 180 50. 50. 50. 2
! 360 -50. 120 50. 50. 50. 2
! 360 -50. 60 50. 50. 50. 2
! 360 -50. 0 50. 50. 50. 2
! 360 -50. -60 50. 50. 50. 2
! 360 -50. -120 50. 50. 50. 2
! 360 -50. -180 50. 50. 50. 2
! 360 -50. -240 50. 50. 50. 2
! 360 -50. -300 50. 50. 50. 2
! 360 -50. -360 50. 50. 50. 2
! 360 -50. -420 50. 50. 50. 2
! 360 -50. -480 50. 50. 50. 2
! 360 -50. -540 50. 50. 50. 2
! 360 -50. -600 50. 50. 50. 2
! 300 -50. 600 50. 50. 50. 2
! 300 -50. 540 50. 50. 50. 2
! 300 -50. 480 50. 50. 50. 2
! 300 -50. 420 50. 50. 50. 2
! 300 -50. 360 50. 50. 50. 2
! 300 -50. 300 50. 50. 50. 2
! 300 -50. 240 50. 50. 50. 2
! 300 -50. 180 50. 50. 50. 2
! 300 -50. 120 50. 50. 50. 2
! 300 -50. 60 50. 50. 50. 2
! 300 -50. 0 50. 50. 50. 2
! 300 -50. -60 50. 50. 50. 2
! 300 -50. -120 50. 50. 50. 2
! 300 -50. -180 50. 50. 50. 2
! 300 -50. -240 50. 50. 50. 2
! 300 -50. -300 50. 50. 50. 2
! 300 -50. -360 50. 50. 50. 2
! 300 -50. -420 50. 50. 50. 2
! 300 -50. -480 50. 50. 50. 2
! 300 -50. -540 50. 50. 50. 2
! 300 -50. -600 50. 50. 50. 2
! 240 -50. 600 50. 50. 50. 2
! 240 -50. 540 50. 50. 50. 2
! 240 -50. 480 50. 50. 50. 2
! 240 -50. 420 50. 50. 50. 2
! 240 -50. 360 50. 50. 50. 2
! 240 -50. 300 50. 50. 50. 2
! 240 -50. 240 50. 50. 50. 2
! 240 -50. 180 50. 50. 50. 2
! 240 -50. 120 50. 50. 50. 2
! 240 -50. 60 50. 50. 50. 2
! 240 -50. 0 50. 50. 50. 2
! 240 -50. -60 50. 50. 50. 2
! 240 -50. -120 50. 50. 50. 2
! 240 -50. -180 50. 50. 50. 2
! 240 -50. -240 50. 50. 50. 2
! 240 -50. -300 50. 50. 50. 2
! 240 -50. -360 50. 50. 50. 2
! 240 -50. -420 50. 50. 50. 2
! 240 -50. -480 50. 50. 50. 2
! 240 -50. -540 50. 50. 50. 2
! 240 -50. -600 50. 50. 50. 2
! 180 -50. 600 50. 50. 50. 2
! 180 -50. 540 50. 50. 50. 2
! 180 -50. 480 50. 50. 50. 2
! 180 -50. 420 50. 50. 50. 2
! 180 -50. 360 50. 50. 50. 2
! 180 -50. 300 50. 50. 50. 2
! 180 -50. 240 50. 50. 50. 2
! 180 -50. 180 50. 50. 50. 2
! 180 -50. 120 50. 50. 50. 2
! 180 -50. 60 50. 50. 50. 2
! 180 -50. 0 50. 50. 50. 2
! 180 -50. -60 50. 50. 50. 2
! 180 -50. -120 50. 50. 50. 2
! 180 -50. -180 50. 50. 50. 2
! 180 -50. -240 50. 50. 50. 2
! 180 -50. -300 50. 50. 50. 2
! 180 -50. -360 50. 50. 50. 2
! 180 -50. -420 50. 50. 50. 2
! 180 -50. -480 50. 50. 50. 2
! 180 -50. -540 50. 50. 50. 2
! 180 -50. -600 50. 50. 50. 2
! 120 -50. 600 50. 50. 50. 2
! 120 -50. 540 50. 50. 50. 2
! 120 -50. 480 50. 50. 50. 2
! 120 -50. 420 50. 50. 50. 2
! 120 -50. 360 50. 50. 50. 2
! 120 -50. 300 50. 50. 50. 2
! 120 -50. 240 50. 50. 50. 2
! 120 -50. 180 50. 50. 50. 2
! 120 -50. 120 50. 50. 50. 2
! 120 -50. 60 50. 50. 50. 2
! 120 -50. 0 50. 50. 50. 2
! 120 -50. -60 50. 50. 50. 2
! 120 -50. -120 50. 50. 50. 2
! 120 -50. -180 50. 50. 50. 2
! 120 -50. -240 50. 50. 50. 2
! 120 -50. -300 50. 50. 50. 2
! 120 -50. -360 50. 50. 50. 2
! 120 -50. -420 50. 50. 50. 2
! 120 -50. -480 50. 50. 50. 2
! 120 -50. -540 50. 50. 50. 2
! 120 -50. -600 50. 50. 50. 2
! 60 -50. 600 50. 50. 50. 2
! 60 -50. 540 50. 50. 50. 2
! 60 -50. 480 50. 50. 50. 2
! 60 -50. 420 50. 50. 50. 2
! 60 -50. 360 50. 50. 50. 2
! 60 -50. 300 50. 50. 50. 2
! 60 -50. 240 50. 50. 50. 2
! 60 -50. 180 50. 50. 50. 2
! 60 -50. 120 50. 50. 50. 2
! 60 -50. 60 50. 50. 50. 2
! 60 -50. 0 50. 50. 50. 2
! 60 -50. -60 50. 50. 50. 2
! 60 -50. -120 50. 50. 50. 2
! 60 -50. -180 50. 50. 50. 2
! 60 -50. -240 50. 50. 50. 2
! 60 -50. -300 50. 50. 50. 2
! 60 -50. -360 50. 50. 50. 2
! 60 -50. -420 50. 50. 50. 2
! 60 -50. -480 50. 50. 50. 2
! 60 -50. -540 50. 50. 50. 2
! 60 -50. -600 50. 50. 50. 2
! 0 -50. 600 50. 50. 50. 2
! 0 -50. 540 50. 50. 50. 2
! 0 -50. 480 50. 50. 50. 2
! 0 -50. 420 50. 50. 50. 2
! 0 -50. 360 50. 50. 50. 2
! 0 -50. 300 50. 50. 50. 2
! 0 -50. 240 50. 50. 50. 2
! 0 -50. 180 50. 50. 50. 2
! 0 -50. 120 50. 50. 50. 2
! 0 -50. 60 50. 50. 50. 2
! 0 -50. 0 50. 50. 50. 2
! 0 -50. -60 50. 50. 50. 2
! 0 -50. -120 50. 50. 50. 2
! 0 -50. -180 50. 50. 50. 2
! 0 -50. -240 50. 50. 50. 2
! 0 -50. -300 50. 50. 50. 2
! 0 -50. -360 50. 50. 50. 2
! 0 -50. -420 50. 50. 50. 2
! 0 -50. -480 50. 50. 50. 2
! 0 -50. -540 50. 50. 50. 2
! 0 -50. -600 50. 50. 50. 2
! -60 -50. 600 50. 50. 50. 2
! -60 -50. 540 50. 50. 50. 2
! -60 -50. 480 50. 50. 50. 2
! -60 -50. 420 50. 50. 50. 2
! -60 -50. 360 50. 50. 50. 2
! -60 -50. 300 50. 50. 50. 2
! -60 -50. 240 50. 50. 50. 2
! -60 -50. 180 50. 50. 50. 2
! -60 -50. 120 50. 50. 50. 2
! -60 -50. 60 50. 50. 50. 2
! -60 -50. 0 50. 50. 50. 2
! -60 -50. -60 50. 50. 50. 2
! -60 -50. -120 50. 50. 50. 2
! -60 -50. -180 50. 50. 50. 2
! -60 -50. -240 50. 50. 50. 2
! -60 -50. -300 50. 50. 50. 2
! -60 -50. -360 50. 50. 50. 2
! -60 -50. -420 50. 50. 50. 2
! -60 -50. -480 50. 50. 50. 2
! -60 -50. -540 50. 50. 50. 2
! -60 -50. -600 50. 50. 50. 2
! -120 -50. 600 50. 50. 50. 2
! -120 -50. 540 50. 50. 50. 2
! -120 -50. 480 50. 50. 50. 2
! -120 -50. 420 50. 50. 50. 2
! -120 -50. 360 50. 50. 50. 2
! -120 -50. 300 50. 50. 50. 2
! -120 -50. 240 50. 50. 50. 2
! -120 -50. 180 50. 50. 50. 2
! -120 -50. 120 50. 50. 50. 2
! -120 -50. 60 50. 50. 50. 2
! -120 -50. 0 50. 50. 50. 2
! -120 -50. -60 50. 50. 50. 2
! -120 -50. -120 50. 50. 50. 2
! -120 -50. -180 50. 50. 50. 2
! -120 -50. -240 50. 50. 50. 2
! -120 -50. -300 50. 50. 50. 2
! -120 -50. -360 50. 50. 50. 2
! -120 -50. -420 50. 50. 50. 2
! -120 -50. -480 50. 50. 50. 2
! -120 -50. -540 50. 50. 50. 2
! -120 -50. -600 50. 50. 50. 2
! -180 -50. 600 50. 50. 50. 2
! -180 -50. 540 50. 50. 50. 2
! -180 -50. 480 50. 50. 50. 2
! -180 -50. 420 50. 50. 50. 2
! -180 -50. 360 50. 50. 50. 2
! -180 -50. 300 50. 50. 50. 2
! -180 -50. 240 50. 50. 50. 2
! -180 -50. 180 50. 50. 50. 2
! -180 -50. 120 50. 50. 50. 2
! -180 -50. 60 50. 50. 50. 2
! -180 -50. 0 50. 50. 50. 2
! -180 -50. -60 50. 50. 50. 2
! -180 -50. -120 50. 50. 50. 2
! -180 -50. -180 50. 50. 50. 2
! -180 -50. -240 50. 50. 50. 2
! -180 -50. -300 50. 50. 50. 2
! -180 -50. -360 50. 50. 50. 2
! -180 -50. -420 50. 50. 50. 2
! -180 -50. -480 50. 50. 50. 2
! -180 -50. -540 50. 50. 50. 2
! -180 -50. -600 50. 50. 50. 2
! -240 -50. 600 50. 50. 50. 2
! -240 -50. 540 50. 50. 50. 2
! -240 -50. 480 50. 50. 50. 2
! -240 -50. 420 50. 50. 50. 2
! -240 -50. 360 50. 50. 50. 2
! -240 -50. 300 50. 50. 50. 2
! -240 -50. 240 50. 50. 50. 2
! -240 -50. 180 50. 50. 50. 2
! -240 -50. 120 50. 50. 50. 2
! -240 -50. 60 50. 50. 50. 2
! -240 -50. 0 50. 50. 50. 2
! -240 -50. -60 50. 50. 50. 2
! -240 -50. -120 50. 50. 50. 2
! -240 -50. -180 50. 50. 50. 2
! -240 -50. -240 50. 50. 50. 2
! -240 -50. -300 50. 50. 50. 2
! -240 -50. -360 50. 50. 50. 2
! -240 -50. -420 50. 50. 50. 2
! -240 -50. -480 50. 50. 50. 2
! -240 -50. -540 50. 50. 50. 2
! -240 -50. -600 50. 50. 50. 2
! -300 -50. 600 50. 50. 50. 2
! -300 -50. 540 50. 50. 50. 2
! -300 -50. 480 50. 50. 50. 2
! -300 -50. 420 50. 50. 50. 2
! -300 -50. 360 50. 50. 50. 2
! -300 -50. 300 50. 50. 50. 2
! -300 -50. 240 50. 50. 50. 2
! -300 -50. 180 50. 50. 50. 2
! -300 -50. 120 50. 50. 50. 2
! -300 -50. 60 50. 50. 50. 2
! -300 -50. 0 50. 50. 50. 2
! -300 -50. -60 50. 50. 50. 2
! -300 -50. -120 50. 50. 50. 2
! -300 -50. -180 50. 50. 50. 2
! -300 -50. -240 50. 50. 50. 2
! -300 -50. -300 50. 50. 50. 2
! -300 -50. -360 50. 50. 50. 2
! -300 -50. -420 50. 50. 50. 2
! -300 -50. -480 50. 50. 50. 2
! -300 -50. -540 50. 50. 50. 2
! -300 -50. -600 50. 50. 50. 2
! -360 -50. 600 50. 50. 50. 2
! -360 -50. 540 50. 50. 50. 2
! -360 -50. 480 50. 50. 50. 2
! -360 -50. 420 50. 50. 50. 2
! -360 -50. 360 50. 50. 50. 2
! -360 -50. 300 50. 50. 50. 2
! -360 -50. 240 50. 50. 50. 2
! -360 -50. 180 50. 50. 50. 2
! -360 -50. 120 50. 50. 50. 2
! -360 -50. 60 50. 50. 50. 2
! -360 -50. 0 50. 50. 50. 2
! -360 -50. -60 50. 50. 50. 2
! -360 -50. -120 50. 50. 50. 2
! -360 -50. -180 50. 50. 50. 2
! -360 -50. -240 50. 50. 50. 2
! -360 -50. -300 50. 50. 50. 2
! -360 -50. -360 50. 50. 50. 2
! -360 -50. -420 50. 50. 50. 2
! -360 -50. -480 50. 50. 50. 2
! -360 -50. -540 50. 50. 50. 2
! -360 -50. -600 50. 50. 50. 2
! -420 -50. 600 50. 50. 50. 2
! -420 -50. 540 50. 50. 50. 2
! -420 -50. 480 50. 50. 50. 2
! -420 -50. 420 50. 50. 50. 2
! -420 -50. 360 50. 50. 50. 2
! -420 -50. 300 50. 50. 50. 2
! -420 -50. 240 50. 50. 50. 2
! -420 -50. 180 50. 50. 50. 2
! -420 -50. 120 50. 50. 50. 2
! -420 -50. 60 50. 50. 50. 2
! -420 -50. 0 50. 50. 50. 2
! -420 -50. -60 50. 50. 50. 2
! -420 -50. -120 50. 50. 50. 2
! -420 -50. -180 50. 50. 50. 2
! -420 -50. -240 50. 50. 50. 2
! -420 -50. -300 50. 50. 50. 2
! -420 -50. -360 50. 50. 50. 2
! -420 -50. -420 50. 50. 50. 2
! -420 -50. -480 50. 50. 50. 2
! -420 -50. -540 50. 50. 50. 2
! -420 -50. -600 50. 50. 50. 2
! -480 -50. 600 50. 50. 50. 2
! -480 -50. 540 50. 50. 50. 2
! -480 -50. 480 50. 50. 50. 2
! -480 -50. 420 50. 50. 50. 2
! -480 -50. 360 50. 50. 50. 2
! -480 -50. 300 50. 50. 50. 2
! -480 -50. 240 50. 50. 50. 2
! -480 -50. 180 50. 50. 50. 2
! -480 -50. 120 50. 50. 50. 2
! -480 -50. 60 50. 50. 50. 2
! -480 -50. 0 50. 50. 50. 2
! -480 -50. -60 50. 50. 50. 2
! -480 -50. -120 50. 50. 50. 2
! -480 -50. -180 50. 50. 50. 2
! -480 -50. -240 50. 50. 50. 2
! -480 -50. -300 50. 50. 50. 2
! -480 -50. -360 50. 50. 50. 2
! -480 -50. -420 50. 50. 50. 2
! -480 -50. -480 50. 50. 50. 2
! -480 -50. -540 50. 50. 50. 2
! -480 -50. -600 50. 50. 50. 2
! -540 -50. 600 50. 50. 50. 2
! -540 -50. 540 50. 50. 50. 2
! -540 -50. 480 50. 50. 50. 2
! -540 -50. 420 50. 50. 50. 2
! -540 -50. 360 50. 50. 50. 2
! -540 -50. 300 50. 50. 50. 2
! -540 -50. 240 50. 50. 50. 2
! -540 -50. 180 50. 50. 50. 2
! -540 -50. 120 50. 50. 50. 2
! -540 -50. 60 50. 50. 50. 2
! -540 -50. 0 50. 50. 50. 2
! -540 -50. -60 50. 50. 50. 2
! -540 -50. -120 50. 50. 50. 2
! -540 -50. -180 50. 50. 50. 2
! -540 -50. -240 50. 50. 50. 2
! -540 -50. -300 50. 50. 50. 2
! -540 -50. -360 50. 50. 50. 2
! -540 -50. -420 50. 50. 50. 2
! -540 -50. -480 50. 50. 50. 2
! -540 -50. -540 50. 50. 50. 2
! -540 -50. -600 50. 50. 50. 2
! -600 -50. 600 50. 50. 50. 2
! -600 -50. 540 50. 50. 50. 2
! -600 -50. 480 50. 50. 50. 2
! -600 -50. 420 50. 50. 50. 2
! -600 -50. 360 50. 50. 50. 2
! -600 -50. 300 50. 50. 50. 2
! -600 -50. 240 50. 50. 50. 2
! -600 -50. 180 50. 50. 50. 2
! -600 -50. 120 50. 50. 50. 2
! -600 -50. 60 50. 50. 50. 2
! -600 -50. 0 50. 50. 50. 2
! -600 -50. -60 50. 50. 50. 2
! -600 -50. -120 50. 50. 50. 2
! -600 -50. -180 50. 50. 50. 2
! -600 -50. -240 50. 50. 50. 2
! -600 -50. -300 50. 50. 50. 2
! -600 -50. -360 50. 50. 50. 2
! -600 -50. -420 50. 50. 50. 2
! -600 -50. -480 50. 50. 50. 2
! -600 -50. -540 50. 50. 50. 2
! -600 -50. -600 50. 50. 50. 2
