../Resources/meshes/renifer.obj 0. 100. -50. 50. 50. 50. 0. 0. 0. 0
! 60. 60. -50. 50. 50. 50. 0. 0. 0. 0
! -60. 60. -50. 50. 50. 50. 0. 0. 0. 0
! 40. 30. -50. 50. 50. 50. 0. 0. 0. 0
! 80. 30. -50. 50. 50. 50. 0. 0. 0. 0
! -40. 30. -50. 50. 50. 50. 0. 0. 0. 0
! -80. 30. -50. 50. 50. 50. 0. 0. 0. 0
! 20. 0. -50. 50. 50. 50. 0. 0. 0. 0
! 100. 0. -50. 50. 50. 50. 0. 0. 0. 0
! -20. 0. -50. 50. 50. 50. 0. 0. 0. 0
! -100. 0. -50. 50. 50. 50. 0. 0. 0. 0
! 70. 0. -50. 50. 50. 50. 0. 0. 0. 0
! 50. 0. -50. 50. 50. 50. 0. 0. 0. 0
! -70. 0. -50. 50. 50. 50. 0. 0. 0. 0
! -50. 0. -50. 50. 50. 50. 0. 0. 0. 0