../Resources/meshes/sword/Sting-Sword-lowpoly.obj 90. 0. -30. 50. 50. 50. 45. 45. 45. 4
../Resources/meshes/goat.obj -40. -50. -30. 50. 50. 50. 0. 45. 0. 2
! -60. -50. -30. 50. 50. 50. 0. 45. 0. 2
! -80. -50. -30. 50. 50. 50. 0. 45. 0. 2
! -100. -50. -30. 50. 50. 50. 0. 45. 0. 2
! -120. -50. -30. 50. 50. 50. 0. 45. 0. 2
../Resources/meshes/renifer.obj 30. -50. -30. 50. 50. 50. 0. -90. 0. 3
../Resources/meshes/tree.obj 0. -20. -60. 50. 50. 50. 0. 12. 0. 1
../Resources/meshes/FinalBaseMesh.obj -40. -20. -90. 50. 50. 50. 0. 15. 0. 3
#../Resources/meshes/floor_3walls.obj -40. -35. -90. 200. 75. 200. 0. 0. 0. 0
../Resources/meshes/dragon_50k.obj -100. -20. -60. 30. 30. 30. 0. 30. 0. 0
! -100. 10. -60. 30. 30. 30. 0. 60. 0. 0
! -100. 40. -60. 30. 30. 30. 0. 60. 0. 0
! -100. 70. -60. 30. 30. 30. 0. 125. 0. 0
! -100. 100. -60. 30. 30. 30. 0. 125. 0. 0
../Resources/meshes/pajonk.obj -90. -20. -120. 60. 60. 60. 45. 45. 0. 4
