../Resources/meshes/cow.obj 0. 60. -50. 50. 50. 50. 0. 0. 0. 5
! 60. 20. -50. 50. 50. 50. 0. 0. 0. 5
! -60. 20. -50. 50. 50. 50. 0. 0. 0. 5
! 40. 10. -50. 50. 50. 50. 0. 0. 0. 5
! 80. 10. -50. 50. 50. 50. 0. 0. 0. 5
! -40. 10. -50. 50. 50. 50. 0. 0. 0. 5
! -80. 10. -50. 50. 50. 50. 0. 0. 0. 5
! 20. -20. -50. 50. 50. 50. 0. 0. 0. 5
! 100. -20. -50. 50. 50. 50. 0. 0. 0. 5
! -20. -20. -50. 50. 50. 50. 0. 0. 0. 5
! -100. -20. -50. 50. 50. 50. 0. 0. 0. 5
! 70. -20. -50. 50. 50. 50. 0. 0. 0. 5
! 50. -20. -50. 50. 50. 50. 0. 0. 0. 5
! -70. -20. -50. 50. 50. 50. 0. 0. 0. 5
! -50. -20. -50. 50. 50. 50. 0. 0. 0. 5